0.00000043
0.03324858
0.10039259
0.22399823
0.39895675
0.63029552
0.91230792
1.22907352
1.60847151
2.02102804
2.48906779
3.05050135
3.59615278
4.24600172
4.90229607
5.63121080
6.38673449
7.21064520
8.08797741
9.08461475
10.04514694
11.15958595
12.63059330
13.26123428
14.37605476
15.64834976
17.16680336
18.39321709
19.74445534
21.00985336
22.48825264
0.00000020
0.00730297
0.02730443
0.05566653
0.09796625
0.15211357
0.21875839
0.29695323
0.38708475
0.49104542
0.60464656
0.73301685
0.87135100
1.02213883
1.18867755
1.36757267
1.55109429
1.74588394
1.96127737
2.19412637
2.41440368
2.67874622
2.93857455
3.20274329
3.48635817
3.78591704
4.10325861
4.45067739
4.77309990
5.10497999
5.45355701
